6.892912983894348145e-01
6.892391443252563477e-01
6.541209220886230469e-01
6.343501806259155273e-01
6.652424335479736328e-01
6.170758008956909180e-01
6.090092658996582031e-01
6.229284405708312988e-01
6.129570603370666504e-01
5.605025291442871094e-01
5.776624679565429688e-01
6.400700807571411133e-01
5.508106350898742676e-01
4.830650687217712402e-01
6.044647693634033203e-01
5.968072414398193359e-01
5.976642370223999023e-01
5.704476833343505859e-01
6.018625497817993164e-01
4.455179870128631592e-01
6.214441061019897461e-01
5.829485058784484863e-01
4.906536042690277100e-01
4.768850207328796387e-01
5.133187770843505859e-01
4.899592399597167969e-01
4.824693799018859863e-01
4.199093282222747803e-01
4.507937729358673096e-01
5.289642810821533203e-01
6.252653598785400391e-01
3.979736864566802979e-01
4.501426815986633301e-01
6.717306375503540039e-01
4.395916461944580078e-01
4.814599752426147461e-01
3.602314591407775879e-01
4.411149621009826660e-01
5.466393232345581055e-01
4.694041609764099121e-01
4.669123589992523193e-01
5.953512191772460938e-01
4.335533976554870605e-01
4.277695417404174805e-01
4.044839441776275635e-01
3.017781972885131836e-01
4.432004690170288086e-01
4.618419706821441650e-01
3.864375352859497070e-01
3.771335482597351074e-01
5.731652975082397461e-01
4.347573220729827881e-01
6.078798770904541016e-01
4.430487453937530518e-01
3.554152548313140869e-01
5.743709802627563477e-01
6.073063611984252930e-01
5.325645208358764648e-01
6.407814621925354004e-01
4.753926992416381836e-01
3.235712051391601562e-01
4.396167397499084473e-01
4.527313113212585449e-01
6.555197834968566895e-01
3.843879699707031250e-01
2.994928061962127686e-01
3.433376550674438477e-01
5.900521278381347656e-01
5.312130451202392578e-01
5.748621821403503418e-01
3.759147226810455322e-01
4.702483415603637695e-01
2.983477711677551270e-01
5.346747040748596191e-01
4.276898205280303955e-01
3.163390755653381348e-01
6.243586540222167969e-01
5.050361752510070801e-01
3.157478570938110352e-01
5.456384420394897461e-01
3.906803131103515625e-01
3.899624943733215332e-01
3.270274996757507324e-01
3.615238070487976074e-01
5.382521748542785645e-01
3.886661231517791748e-01
5.016471743583679199e-01
3.245081305503845215e-01
3.764433264732360840e-01
5.198242068290710449e-01
4.282549917697906494e-01
2.788012921810150146e-01
7.309248447418212891e-01
3.358623683452606201e-01
3.507009446620941162e-01
2.946774065494537354e-01
3.869471549987792969e-01
3.590482473373413086e-01
3.761296272277832031e-01
4.144433736801147461e-01
5.842862725257873535e-01
5.524158477783203125e-01
3.912870883941650391e-01
4.572148025035858154e-01
3.227610290050506592e-01
2.713170349597930908e-01
3.603808283805847168e-01
4.267230927944183350e-01
3.523004949092864990e-01
3.068714737892150879e-01
4.124835133552551270e-01
4.026560485363006592e-01
5.528689026832580566e-01
3.128641843795776367e-01
4.957740902900695801e-01
3.321871757507324219e-01
6.504366397857666016e-01
3.182401061058044434e-01
3.656491339206695557e-01
3.348768353462219238e-01
5.270168781280517578e-01
4.104675054550170898e-01
3.583859801292419434e-01
3.221338987350463867e-01
3.455277681350708008e-01
4.032460451126098633e-01
3.196087479591369629e-01
2.365428954362869263e-01
4.846765995025634766e-01
6.086500287055969238e-01
3.324321806430816650e-01
4.461210966110229492e-01
5.083358883857727051e-01
3.046482205390930176e-01
2.243926525115966797e-01
2.829079031944274902e-01
2.364213764667510986e-01
3.154979348182678223e-01
2.574496269226074219e-01
4.098348021507263184e-01
3.760034739971160889e-01
3.137245178222656250e-01
3.414033055305480957e-01
1.963604092597961426e-01
5.221265554428100586e-01
5.563273429870605469e-01
6.710326671600341797e-01
4.125699996948242188e-01
2.007766366004943848e-01
3.169015049934387207e-01
4.295347929000854492e-01
3.527727723121643066e-01
3.025494515895843506e-01
2.844772338867187500e-01
2.948595881462097168e-01
5.270239710807800293e-01
4.248557388782501221e-01
6.392260789871215820e-01
2.279171496629714966e-01
2.973602712154388428e-01
2.338225692510604858e-01
4.220752418041229248e-01
3.354900777339935303e-01
2.984210252761840820e-01
2.292374670505523682e-01
4.169159829616546631e-01
3.149342238903045654e-01
3.506634235382080078e-01
3.773005902767181396e-01
4.301343858242034912e-01
3.145713210105895996e-01
3.064203560352325439e-01
6.281123161315917969e-01
4.360458552837371826e-01
5.476807355880737305e-01
4.002577662467956543e-01
3.741111159324645996e-01
3.401270210742950439e-01
2.721244096755981445e-01
3.805892169475555420e-01
4.764360487461090088e-01
2.931060791015625000e-01
4.652632176876068115e-01
5.055208802223205566e-01
2.961692810058593750e-01
6.378657221794128418e-01
4.824228286743164062e-01
2.119547277688980103e-01
3.151991367340087891e-01
2.815397977828979492e-01
3.271673321723937988e-01
4.300333559513092041e-01
2.829883694648742676e-01
4.990736842155456543e-01
5.775682926177978516e-01
3.260794281959533691e-01
3.477700054645538330e-01
5.933214426040649414e-01
4.371424913406372070e-01
1.888920664787292480e-01
